625677
365134
137211
765784
971571
393439
13860
722678
732063
184710
969880
919614
564253
611631
787927
975173
866421
452453
930391
258105
302234
836179
533832
35477
120467
814630
798484
557913
720025
398968
166193
345702
280454
303404
627838
768377
213195
641698
491055
945259
826408
460935
864873
390662
72566
169152
882187
938987
621605
812578
197093
440191
165109
247277
992021
285577
578259
790505
359842
298285
705825
526035
160339
986279
345791
788178
754656
558986
946228
762063
20597
288989
739351
401822
679651
811917
570975
78190
267257
708932
890768
980702
665476
55877
744331
657497
857806
322590
964354
217648
620875
670179
260035
297567
656458
605826
85745
927466
681165
31973
205881
701762
320962
945232
103585
516965
273502
190912
595155
540759
416196
2275
37813
81672
574505
782144
255521
948663
621086
219875
166312
758314
890054
942699
55881
62864
548526
141626
506682
229691
689951
712564
931453
527266
657796
551390
44231
931298
742302
155739
988409
158499
674366
542574
756523
248871
324718
12045
197535
462157
231920
880199
220471
121975
822898
276352
701191
887776
934330
207874
633819
624281
920438
81625
667899
578234
633015
712131
25885
891670
384222
14294
50169
58588
556869
806692
823812
397939
818737
537699
860096
567010
417898
80567
205337
757148
873271
906528
161277
807601
630754
795096
948235
551192
876721
616134
645779
26089
844617
671664
917759
745191
202310
484280
803780
275531
807324
627592
189823
626062
165291
566271
709424
99541
163191
914761
373041
36462
337641
534318
360416
968396
845767
825003
519588
238840
957489
681719
781281
318459
869735
699040
63650
588398
699672
867430
380281
506997
11374
570104
133059
693017
136376
358835
308910
815919
273596
198304
368733
611237
732622
729149
95985
94741
70504
131926
849934
544346
813645
631215
862805
683381
330256
442807
271779
546280
826590
652060
53277
837964
738517
702688
47334
391245
61523
872596
207164
335119
70900
575897
462709
319875
821399
75046
414616
408255
206972
264550
952601
20618
412118
331758
220351
258726
774566
8482
805006
601156
176894
858284
955472
915411
560972
2806
823008
622496
391755
546524
473967
462655
122422
453028
782530
460173
528075
713499
384780
735047
494401
853734
272017
906519
185492
492368
681597
476410
500850
486604
77566
194097
344888
549391
109508
905860
552197
932517
44708
460304
479041
518676
922960
117815
971704
221842
94340
16131
451693
995473
267531
462447
849207
539548
885318
551051
548269
566916
27462
565471
53520
621380
759568
398408
170771
385429
820620
239321
834298
865329
699625
829691
900357
138937
463859
388413
360780
74551
404545
328825
70024
672076
791272
919231
727976
676591
986635
276245
759859
14097
358069
813379
635477
117637
728139
806249
503066
548759
45570
853716
930440
261547
683408
830797
400485
147267
219211
277617
221818
140108
606442
291843
812184
914067
727426
56512
107010
714061
849110
866869
244510
207179
680248
879988
841168
408387
202589
344235
473498
764511
197951
403939
26058
397711
751088
426543
544978
970299
704160
283149
110407
826955
574992
438943
741022
818770
11808
848032
532832
860918
714901
293694
68097
911501
173682
909265
836240
892623
769852
826090
657134
484156
746381
683193
881867
497470
626088
943198
984121
846601
226347
610881
189908
317691
566176
930930
136461
577984
295314
185645
438902
526567
995692
23351
954420
169374
448969
790660
61998
218821
616750
235484
219329
363132
435029
617549
376954
61118
560747
361075
424071
303446
971956
613979
137489
538133
61261
790302
632469
872927
492300
71372
399494
487992
611075
353914
657366
60044
660926
235716
278866
794028
987553
14547
673512
422582
632096
50466
52
709195
411542
424123
528993
899850
554454
666482
954335
615715
456785
586805
488642
465437
174529
404488
953429
785604
274754
127147
845649
935680
362864
640867
729709
866769
655414
919573
289351
803863
970040
289404
29410
897934
229879
558404
314136
784334
741238
268472
916401
714375
371629
921396
179812
546158
842236
133241
331762
116991
260389
693763
569023
139605
334630
815084
6374
506397
734658
812077
826612
704698
617833
372374
602632
847713
930778
433120
148399
188369
701592
581152
419096
589573
502548
598909
135731
344785
248502
983846
978128
508891
677609
547151
164848
528592
362236
687574
551341
96894
499652
377953
317944
117485
750327
436928
481550
197458
870048
629949
902179
87993
211102
321275
677566
230002
436536
329650
91139
685039
313496
69267
710282
507457
616419
875131
552401
495007
79057
103742
591901
578709
998047
426197
212547
264727
379477
694097
978537
249525
840399
397068
337518
567853
718343
531437
797855
154880
861087
405347
356271
174583
474614
66553
198392
91033
458036
750794
586040
537094
370888
694293
632155
368936
636842
361054
150015
16319
571504
644904
782197
411903
41972
636067
496108
760315
167504
810315
431547
28591
215662
787818
719526
690277
370724
434271
297662
828760
185065
400055
882206
72305
94348
514362
957593
247543
875416
107608
263862
446920
752512
46059
375175
310836
682127
871283
587504
365983
197951
19051
394575
413613
323222
630453
620242
210298
64724
917905
39058
766141
317960
921265
354799
928660
951979
312392
176203
343747
936353
440066
307020
205217
2477
682195
516054
200956
69831
103558
566940
267782
638961
961515
197747
478535
108320
817990
688833
689397
735895
244244
971890
53855
681861
326689
982515
633840
155434
675071
493939
91787
115137
800959
297004
633966
483155
329410
834923
69338
432968
401863
853472
588282
879730
51219
66817
504402
869209
755651
193799
121456
999895
682042
691663
198108
525083
190531
831948
680517
865602
842239
288656
497091
643199
102013
131057
642706
431423
482332
712044
380744
884195
565516
969026
280277
133087
35843
784680
518649
307846
494831
156457
824093
176873
848121
22201
701957
38652
370501
898826
904254
212741
187483
917697
855940
289496
565106
498646
720919
47439
727042
101663
447986
808910
587041
728264
941997
622885
512944
976998
447083
524127
133456
271177
701001
981577
293378
919310
536581
663880
818136
957187
392973
5619
874884
248913
811467
439990
263911
48739
487429
990953
666754
935416
799863
253796
180032
258212
393033
209328
235211
840116
733455
885019
111293
950808
382948
921024
870118
919529
101256
204607
876716
494229
726578
267952
259494
538046
224294
523405
586785
228076
30710
769891
163492
346925
23687
859876
605137
416720
69204
356700
773189
319011
241719
884482
269820
141019
805506
139938
60548
906762
344545
453616
917343
71124
237920
176837
125522
462215
700242
228659
690291
247304
998550
370135
594229
22238
230011
199367
955310
815567
72419
728499
134578
830491
129334
404398
971510
451192
60689
548411
357955
921586
518379
275298
992710
756300
968488
634584
218515
668730
863243
425158
916035
861794
311645
510264
400384
541656
225983
872046
873575
814755
116898
524505
645246
246232
928904
133108
697424
505945
681519
571731
427531
199899
847030
420242
956199
815518
54826
691066
600
434422
632576
432987
296216
944221
459604
212952
2229
201939
84998
875804
16694
201896
400309
178292
448128
845565
311401
661905
351510
992920
233636
779042
192819
597018
715636
665370
928888
286814
872788
445841
721236
505364
878828
533804
449585
854784
746756
451814
56724
348107
843970
589770
550003
760632
768063
514484
606197
79464
176389
474060
72384
926377
769454
781556
523396
485090
963278
968636
288256
836067
414477
9493
341431
293306
59649
307369
664442
806406
275535
237518
670865
119506
827289
220868
880138
111704
251704
2687
191168
944445
993099
779904
870823
762553
77812
910571
763995
41091
879207
52252
877158
293685
61745
734941
103343
121394
42310
767785
444152
317846
521656
631369
953704
348945
852238
350194
460649
620294
352881
168169
564740
862333
464425
951915
624886
542238
862486
388882
583329
741693
441134
460487
551730
19231
711780
655073
656977
754091
939211
617482
71937
460867
248851
25641
326164
617441
375835
303165
237736
245068
987686
318828
623753
452111
270743
764992
994349
649581
153874
577678
907626
111360
554517
459357
646943
266298
630782
303920
536741
86345
437754
125030
547212
686606
667023
389728
304047
559210
692893
58135
320630
196931
376963
944384
649043
164058
709376
643392
813639
379602
737423
721266
490962
808292
180623
654257
590942
327757
474529
127683
414103
912284
769065
477667
598890
436088
867396
419289
995298
76641
993777
832281
273573
887092
776665
922616
51151
486041
82360
864790
381995
819783
586056
389309
144428
283031
43566
735370
610789
518095
863054
541244
430379
632119
18911
545621
584560
886307
481263
96210
479301
991392
928491
269226
878484
705156
191842
929635
707549
790554
310778
89544
126690
413186
478853
271118
696218
38771
6488
823359
556867
385894
364603
503598
534366
899866
565572
118926
302526
563187
215136
781827
554579
659980
51053
433063
365136
759247
879051
589038
66153
189829
678582
192843
603015
673788
463961
815585
712559
470450
155296
785778
372696
36251
805729
907062
936118
887653
542340
238644
450840
273829
536823
5419
933809
104228
954834
298945
379827
350237
404335
445980
540066
82918
638824
659434
273058
102785
475019
501969
89587
146668
804100
462284
182919
609829
885698
119037
497482
428039
874033
464674
701868
927208
986445
635677
31436
941279
450974
411263
291517
855310
857244
347935
454580
496068
7369
243990
115205
998741
745959
721145
145409
550059
183429
844680
676240
585479
963718
690074
13518
354103
154748
231738
281312
141193
383767
829100
598825
351094
240364
406694
722756
613960
754629
693688
626380
278351
937678
741585
793444
199989
462730
455205
266401
162511
299885
942641
747991
779955
149068
277861
650411
303816
25952
931723
961362
926071
277175
560187
277165
517539
966881
516273
647851
237862
209961
274231
32565
663991
532169
826009
863981
994899
797566
130382
673763
97452
589375
938106
393759
738443
732319
44170
558612
758271
492245
519974
684343
769421
80161
477860
803312
563394
510486
451164
801256
720447
241747
833822
384439
773916
176183
764772
285168
973750
895154
958931
587554
881
897037
981313
739325
629356
25484
297937
903980
34081
334263
104675
803502
414424
98887
606815
977818
609373
574331
295426
846173
816078
645600
746964
106347
821784
511736
391515
311886
406890
350446
899440
924123
763835
397105
663448
909543
938941
477737
329875
973023
812000
434550
292877
742776
49790
416044
236946
659163
990375
532373
21688
322806
177973
768652
429153
516109
280388
820668
827995
203630
687466
243787
127754
967653
640893
791202
393548
96186
785292
723424
585561
113644
674326
878439
372773
724116
294483
609719
899632
801211
658444
921320
124017
352770
689973
69522
868879
970361
406542
213227
173992
610360
457014
818098
578013
614259
609300
487913
226798
910944
727689
812359
540941
402016
690798
913714
642484
501634
39785
58468
302845
214582
496141
943214
567352
702466
12736
952583
189179
419278
165810
363171
29638
139177
697621
124003
753436
823274
128268
496586
734218
855958
308946
791511
774326
516096
705225
416810
17730
261363
991631
836927
475945
487772
780141
43297
190238
309229
512232
379417
244859
678043
258941
790849
817220
956562
431204
87008
779836
559473
583595
30407
415431
408893
821918
189757
924989
43496
122919
459072
304859
114550
812351
297156
118674
108845
856805
308912
418074
369037
204682
179286
47080
463623
970135
380652
936537
401340
467661
232726
960813
567608
263133
892596
976501
85051
82353
417842
644899
205272
876914
466110
836175
205618
763266
954849
314463
620071
263762
248889
505461
984796
428175
552541
448419
398311
449546
901308
316003
433559
134034
276816
1167
397167
169412
977668
998571
768117
911862
643470
489741
305129
625933
325916
510747
389199
280766
341562
525623
60880
590451
31084
45676
18627
99977
10447
933290
65875
911755
765645
499434
45790
42461
500601
959309
728225
994621
474232
12694
906484
634055
502435
211613
259988
344704
722360
165539
625470
63922
691162
202702
170725
238598
764730
705704
854928
291529
155346
920803
203284
920991
420238
765426
479804
920839
241088
208029
915461
715320
737075
338297
349375
755863
549910
125715
100567
788622
291255
242389
368896
982417
445091
539621
737368
726173
761678
592296
17702
917024
513099
737338
838016
933337
19117
317820
370529
260205
42202
802342
491877
779277
140639
357605
535140
206901
483320
152059
995523
774575
394448
880771
273345
355891
936744
10713
82064
698422
119361
99766
615447
632460
837105
969815
82150
372574
287635
969031
632779
846189
771373
124656
141819
912012
482261
193311
118913
481934
345371
630788
772861
739819
511559
46206
95711
448303
573271
177775
146726
208984
793894
278525
841445
147351
248340
439947
519925
52327
408978
152704
898517
180351
793712
40336
608715
792326
233647
243980
790612
579018
874768
563473
318838
902679
126032
930901
350982
699303
108676
14060
908288
902570
808937
266085
566273
57277
222384
86198
109605
147714
755254
8122
844417
548967
564810
453132
857645
798457
213464
648257
893828
604584
211730
212666
507263
337762
143567
374597
553418
768595
905010
978058
187518
713947
760495
753791
771225
499231
356342
397182
646945
111596
921656
491362
176915
486466
460846
550912
801275
674310
199169
695103
278894
927252
424121
302509
781366
84040
677106
851136
368988
582116
345546
556506
296064
622393
826649
583641
121624
182991
497175
284921
810940
418831
776283
504207
421649
753481
55120
222924
427791
770641
434380
223037
214245
858501
525546
511964
458894
719005
363100
827882
301121
224999
900740
113537
847392
727389
213530
485369
426733
710705
770290
754025
645888
62926
258232
67537
816407
829704
806814
244199
600346
241194
983588
330943
616047
509135
842907
74941
228140
722360
902823
45613
947359
803563
675503
311103
47305
889033
796472
474038
116091
566763
744415
761979
146041
2647
829517
962448
832352
636331
722999
949050
877525
706588
279993
493572
732075
639253
84866
476567
361613
504041
522180
308972
307605
197683
136427
871262
603069
932900
345300
719160
16015
606067
481139
162056
608714
827008
640856
957418
979691
363856
422820
857216
70444
702814
867141
802519
342067
468359
279086
220032
972400
317618
45356
280005
31654
181783
151267
634723
631035
12919
870235
647050
135338
867726
325458
744053
211087
966315
217823
190778
330171
640644
564347
916967
859810
947840
235838
718229
416199
31276
938261
388599
348894
983617
184957
380548
681752
852576
531623
312788
381848
918210
959838
517186
302289
801649
777591
513376
284316
995415
704154
130839
152411
268501
47806
12221
216341
283644
246802
632540
314920
185063
537492
180166
685032
722449
77067
366784
91377
125042
679572
473225
43253
155763
990412
345542
473764
768003
858918
758080
279770
79424
888919
432181
864278
453077
960754
80619
253073
207556
229512
567993
908971
283356
264511
594003
5805
341578
477140
97182
466621
673064
86760
509874
345179
77172
371768
335295
361527
747038
93375
157650
826462
498646
589831
690740
951723
550586
287712
204796
758142
33576
289141
183466
316932
70005
777469
839089
411583
770961
452623
394556
960378
539383
420782
305557
132907
792550
640853
10787
55940
250580
168437
398755
265579
758268
605847
217302
825206
893559
938451
99701
443487
743944
283167
760419
813949
576988
599508
741885
864302
52132
136441
824680
107867
557224
130237
240775
866126
287442
251562
922067
54375
419999
320822
319954
694619
926669
537256
36178
336581
992059
135879
780068
252356
935398
56840
582657
512386
172700
324542
376688
741184
977336
201368
849052
534560
847958
606179
917038
651752
374093
839105
706127
794092
676279
26081
5063
119301
79690
41241
455882
588101
693472
752302
840457
628870
325494
423115
657609
498195
264009
34297
755731
241345
752018
121135
775905
116328
727314
209296
768080
101407
48401
474208
411851
241033
16641
933267
360334
612683
974508
332568
200785
184333
601222
557594
813203
926717
980709
987164
941264
761071
21462
213347
2416
289832
334483
294674
406160
61797
503970
174240
679557
68723
164800
91408
309756
181442
24675
186442
794125
515536
35362
511262
216221
636585
68857
545776
79654
565918
532941
537270
326989
554403
750617
329406
360587
85100
624080
766747
663250
644402
940987
342807
713125
105788
950567
539234
803582
491595
242028
114059
523483
277391
625322
739704
913976
694179
285480
509982
776449
334773
47252
103439
405528
797869
949197
766115
399322
573277
532862
62572
734031
473850
921731
963508
95990
872298
502742
415924
880245
744771
529983
403728
22162
671657
659784
452490
365836
461617
962472
658638
796390
9724
762077
201919
807593
711274
968034
206915
800903
17249
785839
534934
7451
707570
498442
103441
96221
517537
519365
492818
262308
565700
412899
800822
237358
72683
253312
119546
50652
732136
778184
847043
741860
540261
565314
65805
767887
49700
789073
568790
66949
91264
620076
74400
798835
634871
694193
411408
152408
729910
420578
931068
295611
833477
248242
49321
906161
501554
168867
473165
750042
947052
320208
491902
3665
401874
74059
287905
967927
379484
373047
551228
470749
993124
625629
785936
144347
836174
197344
296755
82437
617922
744175
894400
967752
992417
943721
390265
10323
112588
863430
760365
575992
699991
768619
96010
101865
842678
383915
69792
222163
756962
621021
692912
266438
763002
478848
410785
115528
192544
707540
197965
326818
451715
92365
294570
960484
552438
684835
970807
665027
548266
731172
757371
764609
499791
853381
866474
858822
753648
452619
80985
510611
589992
290249
777049
352994
285449
187835
984874
994345
411727
699192
321163
379795
307909
132086
340279
860348
333273
311087
41727
397891
558611
799098
162500
574755
168832
28975
433577
922480
997946
30914
433091
587938
321163
726493
457284
606612
914328
442158
600957
842407
141350
438472
222202
449260
86910
78834
825960
420184
906273
867687
818075
464884
666785
980576
555991
351969
525903
989568
274450
523849
20482
707541
628139
857997
950386
85423
980961
864714
43933
98270
223474
701636
53095
445676
667248
140005
524510
493208
560189
947135
360895
378265
928372
544032
875193
484363
896002
917448
473932
170452
441297
10766
394345
585788
385116
344732
671211
366077
725798
231496
980700
949272
933132
33795
911301
600380
173800
952163
609940
733990
899299
970835
628607
827671
514868
503800
312034
410870
937600
302318
97674
895249
829437
492019
481037
214553
353103
668600
96982
595254
900096
77682
544526
349581
111477
972179
466313
285278
924343
76254
19268
339994
47089
164227
684017
78309
184379
512403
5531
121979
814722
103205
17228
160511
111577
498265
375064
981032
166865
472046
576286
583313
66081
637165
932894
177558
609344
915560
462836
50039
991814
998456
906385
555255
162683
590402
633565
347062
102806
639096
469041
433880
258654
486269
594391
886583
500886
485807
867615
184103
957853
960254
767417
540286
597419
216663
717845
723115
132223
697033
289507
640389
695490
195892
195645
858173
786295
829210
721588
405453
984658
706981
839333
759664
193251
950076
646247
210489
435883
30215
394593
910088
990469
678362
450375
104240
895025
168220
827355
543601
865253
633214
183990
77095
829107
379635
451621
131754
725197
173209
537207
709856
880190
892892
985872
589793
842968
148472
316635
795203
695039
711228
705291
201860
389590
672018
306100
800967
356590
649807
344568
221844
283022
528559
815291
628481
424546
266912
760235
149744
956473
813794
375952
836664
223038
361824
942809
582358
26648
775796
377561
721687
487024
599204
923547
392966
271223
745999
193934
627813
912159
54854
366009
195181
583413
181301
340014
524312
448213
100249
674056
404687
430395
566360
757703
653433
928184
216864
235791
471185
992661
613352
709224
996037
728908
632772
389004
131
895123
99290
144297
807282
154144
510306
518815
253910
207959
858829
778222
172525
475430
968630
93564
905825
534990
367619
559258
979526
584483
311401
967063
93496
441105
676288
605886
170014
825412
511242
686497
720535
610532
830794
44170
281028
857453
79337
51290
65412
938167
345864
237937
929949
314494
331501
835775
365836
699120
911385
861715
799956
222787
828778
409804
663892
505066
15690
350258
330478
526932
36756
51014
653816
383902
611536
934845
241355
690873
986135
306768
145392
332000
61057
75342
162846
908911
427469
45035
124383
338854
906750
440691
77993
735528
850496
258238
240595
382538
608496
571073
909471
161604
138439
563287
545507
266327
14484
786862
957201
516972
609982
618945
848972
187392
694287
528170
612655
121756
573205
253390
976963
479955
694082
571308
731836
60930
345898
972431
443468
954395
59856
869291
632351
714648
948931
177858
980975
963415
481073
454528
480387
607407
73474
845711
794799
284113
890234
923806
922222
463439
177197
415537
459747
387631
986845
191583
448561
332744
680366
408381
803491
256574
277673
952194
971222
226604
130053
468550
706371
127478
439430
186759
734885
512904
548822
46037
313370
439056
969843
235592
902496
663392
651129
878595
51023
154326
586530
499584
3422
783248
907966
806913
39822
701991
275460
527397
928595
405513
995947
634966
49343
435377
338077
784228
464634
886900
346617
294356
325956
832813
529948
744804
496205
697429
139751
547229
368107
726281
563165
371530
509529
987483
694795
549352
689474
970255
76749
134421
892120
589048
285740
941463
540777
623817
242044
521763
27069
588661
816119
869378
421474
862419
614182
917680
76200
753934
981261
444308
996567
544426
815838
22449
48262
510633
88153
737736
480889
681254
872158
373009
270302
674250
830825
327431
298067
72869
849195
841489
661530
181666
710867
83005
44086
325049
517037
120286
595335
14650
564594
108255
75428
896784
130704
123690
407418
218857
861427
404659
900111
249937
294020
686765
924187
124845
14196
738606
197714
863391
580095
859245
561410
807314
458602
605496
648716
491991
242134
244051
506641
323081
868658
582069
219865
999362
705760
143635
218219
83539
64646
634682
333476
358667
321447
774015
483512
335644
512621
197579
715387
609069
573176
793149
416383
31778
914997
65099
40121
157132
825503
546762
996565
694161
645183
732782
693524
867295
392770
428095
950834
457416
579130
800662
816083
416929
574677
815948
752573
603651
13527
984313
212720
586703
777462
145455
134833
692460
726907
691306
365944
552410
238068
878861
762923
399603
611643
972799
266899
4413
400895
734085
461830
496377
534748
794265
913306
625777
126565
182232
229428
140092
682897
958500
243147
460359
620308
894332
669171
347215
585638
551467
415977
340058
430328
178900
256014
558324
151700
522913
79089
68947
773350
57271
565324
824450
851537
994982
450228
978102
177214
196008
634547
860111
154509
394046
836823
291169
804731
22346
638384
390369
90166
54361
246780
36846
749613
502794
595170
901313
542059
674260
486612
315409
731531
568288
656212
99420
563271
106440
593875
740485
302448
228422
116949
973309
138820
470124
264478
943551
492470
419214
850273
582636
989927
97053
619483
739541
116199
731005
157206
174610
921617
643819
6371
169501
728459
662583
268921
291730
769023
379148
548568
587824
123922
665517
561133
262743
651993
341964
206294
144463
277530
572919
243452
267458
669972
379287
523351
302523
626644
196909
477133
548262
357080
483505
717763
85540
662440
503036
377270
431464
398537
925838
535640
522459
107707
613125
785202
759700
471441
507849
420516
748972
80768
180320
16430
267093
559607
56133
569616
702603
253042
563102
250865
610123
562959
484980
695663
225399
504369
589285
173215
902906
31476
225207
425365
139183
838333
726920
415236
309774
234769
352104
58746
315537
532424
591528
98982
608383
647661
668599
310986
417056
748053
561852
27179
311012
563184
239194
52763
67553
828479
742331
486811
859955
967538
428529
515491
322223
155449
930727
631998
906570
282831
207096
738459
331607
314977
837442
939990
478990
22393
250976
896046
770446
329180
439577
597810
408717
678771
166925
992622
507251
909256
479434
883558
393147
424315
399049
715370
96116
846128
863720
2686
645311
70817
257497
976918
385794
94939
433260
381136
633684
684237
277183
920482
529769
716760
518292
938486
911884
201570
931109
935487
627178
926895
819045
20325
351210
218095
252048
447326
64223
115768
966364
225887
702937
223861
202805
605083
835153
636066
986220
468837
836655
263403
905672
366424
496515
940316
821263
924751
141886
268724
860238
285417
195619
679284
822094
546829
413731
74142
510507
477954
706263
993223
220193
409200
217084
422999
14284
568589
575417
516856
553779
412072
780259
459451
294848
793126
399767
632463
717878
58006
901187
94468
343423
96806
773752
165517
159987
187483
239660
670494
181790
462275
180069
401983
871475
397154
341334
402111
482095
916751
918967
35874
845175
215578
11677
140024
525057
927797
772487
759287
985803
673675
853755
329226
286833
627508
494743
446821
331343
250755
633667
513133
713030
813737
431469
100858
727243
772803
502969
725690
689555
938289
277917
534730
153867
289594
191106
678924
217391
479946
954563
203194
669973
808319
48772
956806
435827
59868
919979
767170
310623
69999
796656
540006
883736
228125
640864
127331
928
660185
853021
206835
598474
130938
257918
268694
936885
449024
463970
670628
928970
418534
873823
598943
226853
438947
72102
179032
498815
992081
462554
809439
62080
775562
865797
462168
3687
23013
589499
520968
683198
958873
727803
798025
606163
985721
583071
59400
951098
47041
730029
880068
981927
120204
995364
725132
559151
67466
904164
57967
575899
883071
383758
637980
658633
249555
100148
178673
272568
206000
215993
472118
681225
460148
270143
803740
962222
369566
863141
913320
932960
593170
309740
914887
713374
821456
640020
788877
888922
60536
846844
464822
459959
230602
619154
634945
996509
235654
329970
269077
958006
545963
257548
639231
522463
44043
442972
484685
413610
822465
914357
346570
415635
224098
777809
645361
45554
934181
434238
450829
994718
281083
432003
971029
28037
567509
122326
24547
803163
452296
809976
761170
514611
67524
916753
37075
111568
876077
521760
41530
698542
436118
388100
114177
176568
165909
759538
738474
100091
710129
705655
611161
507564
137658
98542
535601
705167
220869
76500
24683
673165
402829
785853
187777
470353
218958
741204
98273
95036
262964
139803
793578
215434
44255
907756
908354
210165
183646
163181
826608
410127
868836
954121
917691
522847
52663
453293
744366
273532
46145
769049
463050
448974
71254
167179
435680
290213
908383
533953
385249
687699
190109
178827
419486
234364
602935
327840
444529
302934
7373
787489
713061
876210
741610
630753
915409
794274
600398
659775
584158
162895
428825
47208
611870
16431
214387
47550
306644
122770
581503
208245
810470
287964
903425
746308
522329
506360
74148
483210
325646
81522
270700
555060
474084
12310
702165
389493
322936
818915
49268
907095
981810
994445
954303
593680
10877
685043
641230
833873
324165
739086
42119
650987
27050
945544
397295
549379
968256
987796
32590
293903
585670
819642
848963
59754
831952
67480
965599
671241
886395
531219
578336
868205
42017
48991
461886
52894
250386
619468
403119
574552
874906
445238
225539
901957
390782
622835
967688
875391
610631
516630
169294
196301
336272
534609
772407
684577
602089
738006
872170
4836
785577
450506
873041
827594
15849
334927
396840
266236
470748
799960
357140
345654
245198
99031
763963
152333
721866
248004
27724
848849
764634
713370
561502
617259
764331
333909
818188
882772
588267
690358
887608
373845
657216
760649
717791
189417
611929
114632
972005
82677
914592
329145
944683
676142
428177
708647
828475
666395
956651
372551
515245
237637
602273
593099
371248
366604
927009
189436
249376
31628
396146
136984
921825
53362
413986
639617
242780
25915
754249
731137
624944
668841
60283
569627
344983
4812
794626
689811
671207
267629
578714
702804
21619
180988
295904
392867
63944
222913
98656
313321
770893
11154
966657
692719
64517
896995
332336
823649
439262
86585
71138
64206
271778
131421
150186
133113
136233
944812
339276
807441
728794
917991
510245
750413
615331
322501
143280
679275
61766
758288
508948
832660
769443
991958
525379
350312
888953
374067
690313
328216
977004
761451
392422
765134
409225
58960
898247
545458
520125
237524
869251
248919
671867
895849
999332
287198
218350
658964
966473
280117
933605
475422
112777
703048
467380
154508
569712
872685
44927
260025
200901
21931
537828
109676
787065
947053
168636
201664
492512
205113
955540
878115
454032
627407
773964
969716
914605
992315
145033
397431
788784
78638
389205
417913
781686
372937
88773
867750
245622
133700
127775
446524
671983
665603
72552
975400
129009
757540
177064
621521
962654
132605
15988
416686
276364
789953
902755
707322
298620
47788
621105
87404
126426
10310
21669
424464
383247
110442
292214
145221
244142
936341
591745
432477
118296
180649
407877
247305
938190
584941
385178
900844
233898
401167
833882
26615
707472
736637
733937
522444
300777
355042
609848
943555
881704
147869
884371
781303
258311
176585
926524
18805
629278
34622
451282
263927
215271
859159
511232
153461
960452
412763
570657
194351
330282
920892
737318
554106
657529
471255
76550
474659
342649
686398
418214
740705
834267
302586
522008
608930
995523
448532
627735
141154
483154
79017
405081
214778
938176
432665
884591
898628
361780
455249
609331
692062
376141
346649
246168
550022
334256
322718
24681
193257
525468
959248
933962
876087
778186
972322
485017
290061
420855
629104
431215
420361
708121
352648
151491
646297
785314
36083
61278
147094
491332
670609
355509
383825
533611
601677
450199
867867
440748
991233
61125
482568
950481
511439
358656
245019
483762
360025
535080
420969
989130
482648
357682
697251
835296
509174
859901
136962
61609
437531
284057
69293
108140
155918
453118
641751
757595
903317
25971
714695
894550
603448
197264
361383
114887
72272
122754
115001
432297
657835
535970
937779
656835
410005
635031
492131
435531
11284
145446
497140
448815
945855
566433
73307
101773
535903
231411
375720
955572
257382
90416
366475
377182
804032
727858
492069
876304
850613
607071
824953
24800
659393
762733
681635
69398
914116
690118
21281
925400
835564
518421
890567
297771
601206
963874
399544
653461
711637
775265
609034
485371
382033
975509
862553
186065
219719
354623
578721
586684
478046
403674
611484
653791
166407
809471
239542
596875
15942
260823
522275
367858
295597
929194
665630
896803
409421
65174
550265
121058
356791
159299
606430
738824
651160
468983
441241
870879
339958
19962
457564
334356
939989
585400
988148
622748
394872
227690
219624
410814
488513
258251
295024
784110
187446
960654
197266
113219
542181
263883
234277
898972
939534
357059
637797
590694
342395
595390
977925
682353
131705
435489
16710
71694
537242
521210
694442
932114
748900
430418
859280
753765
688670
154304
54228
392468
631311
251494
22039
173492
515377
772668
72464
454911
129728
226613
561957
988475
338356
539882
187180
470061
491724
720242
541755
28966
241452
752549
961080
990352
182968
336712
260470
387990
7368
314698
296810
638679
566192
318849
328523
597921
607869
917340
52832
737597
143953
131141
242424
998661
671023
429605
468722
162747
149847
10477
191713
907652
279379
669145
414356
978699
522209
674826
883041
529578
989524
179851
684609
72068
15052
529485
669989
622921
446825
239173
876871
107130
370314
635647
105792
41338
65252
574514
720437
731452
101344
428503
639104
897075
97648
53460
875774
136210
728287
758815
665788
234163
455018
866749
306232
986422
396234
976221
125695
359411
731747
518918
466542
102061
154566
88686
659751
219818
179552
896541
467622
280896
325044
106726
177971
939044
676539
570097
75254
921178
845264
257394
155341
300282
124144
977925
803056
36730
470499
928752
912494
202246
447670
895388
820659
602236
984074
480411
338407
163626
376952
322381
960875
218348
429108
138846
157392
621999
225296
232647
543177
70560
6393
214870
370843
646889
192796
690251
683620
663295
619003
112466
381893
583026
7854
202552
701614
991928
682963
40021
671906
576267
362403
632781
310967
307863
287980
468360
446214
513276
217359
505743
100188
223752
720613
987383
870642
429761
677635
70614
609408
296638
699432
991301
879664
707286
193854
581279
215566
393169
137652
403824
485789
16407
36606
796756
840622
840938
781468
286836
870566
515179
792579
970754
255284
29545
958138
642278
459306
152125
229244
68715
448763
928676
576368
844780
152314
770222
942411
367880
679744
80063
288056
165533
612823
324662
478641
453445
681952
776462
256634
552518
291641
565565
39625
546925
595110
514115
189203
54417
666240
418447
639484
631355
347123
732204
476135
499437
502427
418546
383669
698523
14962
671726
380408
627785
512740
859049
597582
194693
635511
854216
263563
927153
419782
819540
990430
14892
333655
695986
585661
999895
114433
741497
631251
977909
473702
623738
993698
492481
42285
893720
191004
57247
81798
571412
201384
594538
946813
798966
305583
582325
653183
85499
25830
589317
905039
532612
120561
755047
228598
706223
271294
859384
964072
902545
837293
954126
42636
347343
446607
601273
241063
153963
174872
322861
241727
376256
433752
188541
175222
255687
287218
344757
341186
829400
450426
762578
362012
570988
517625
106963
793563
788919
966347
757635
207817
319992
711762
766805
667335
674721
368078
424751
345037
542950
263964
586764
919206
214068
291657
610780
469756
578875
471890
327294
408275
922316
89872
286640
9656
123849
393603
803219
429121
876302
77207
153290
196294
305321
920095
379981
496394
804525
804732
841431
347475
585049
428196
783033
799117
719853
910165
268873
815081
382055
596168
739708
820724
202392
542700
346732
842594
452655
149952
271715
328957
743511
941357
525251
48832
861452
421585
61578
665977
742669
903010
529804
327718
847558
312837
126836
83763
223002
395709
898844
121410
508229
154905
458486
226974
697605
805218
69568
150261
471522
341283
479218
215033
282640
520822
780217
660444
458759
841796
842773
201428
744806
372577
529147
108716
201766
655983
192479
424768
568044
91324
546178
592626
762581
4664
819600
460186
809883
889168
610447
281405
746803
606018
12791
545795
643192
793008
722591
101951
151156
565364
303379
895962
454293
348878
4678
656059
521213
713510
597179
89258
321186
143358
198236
83767
664374
17836
543953
990609
423356
670753
788367
686511
793123
801158
232306
952667
110518
471249
570970
261675
552965
390701
673989
7258
739580
195020
179669
260793
908530
776848
866403
746068
436558
64639
829835
100933
598827
890140
607894
22183
77245
396261
225046
870368
713771
457352
339387
340642
444953
910357
602317
997918
301059
792658
5176
556991
504030
701197
334136
412560
478046
200540
674980
914604
781531
504815
531889
380359
394956
656136
918894
472201
52397
143941
858922
282521
117645
198309
623163
562599
625019
741832
560517
926078
50842
82046
999421
554873
783243
333557
483785
777641
534097
158766
692246
315629
663581
740487
212340
574889
396623
131234
563443
965373
791527
422365
247894
909173
137026
387409
471772
762045
645593
548641
204475
696435
630687
203896
767660
930283
537454
251446
707924
587903
926564
916522
903532
106497
657010
632224
681387
569985
763459
244830
535358
554986
183547
299604
980511
320573
687013
452283
82619
848958
517277
287094
545394
147964
7343
829406
594599
544797
80852
302524
132700
7416
219046
552585
113914
392408
184809
311653
962394
464620
556483
497752
535959
256382
797357
516470
576955
722
485106
175926
366033
518735
979373
911427
183051
986716
740833
777651
531513
338038
80175
180565
861806
815573
733150
975720
207982
434312
803725
170376
415284
876560
184480
467595
132942
498189
984066
226250
498912
985524
402176
864945
20611
381549
292724
203662
368265
549909
981313
416130
404299
577840
596696
266106
393414
846198
758178
601396
796862
561904
288124
212147
438464
472604
679742
571407
970794
180160
797657
986058
682036
716185
367355
702647
97735
660079
906310
982352
726340
403975
398483
130640
981816
511531
396746
891582
357729
671276
492978
154592
233180
297454
883091
187997
770058
79185
759404
740852
259346
73413
243262
457734
305950
610617
160382
403685
787048
583044
902390
513389
987019
817225
160381
485187
328756
557127
376769
202837
744755
386099
357429
977936
683553
756872
165933
453612
836058
441689
710816
95404
31454
954079
69490
337404
81048
229872
257442
868097
329268
159832
381486
316288
493409
541867
317827
822165
615346
694597
25002
360101
80696
898784
854389
280602
655656
20322
734214
491714
978363
961382
103470
9817
431813
172961
863574
512862
919185
121016
897311
764806
797200
278797
597446
290609
337016
915273
112774
468714
609870
654128
828815
206919
552912
683205
487521
724921
219879
738087
732987
198243
215821
836458
724412
163987
525771
587986
676849
961308
225354
574160
726114
22554
369309
839912
829515
222677
755186
458641
691391
881408
112770
520206
88327
182034
719763
92200
906955
939643
830287
639943
654238
562461
992753
895002
726448
34876
482989
919649
512536
708343
10161
755003
247250
379470
594915
76765
602147
350101
535407
293538
747862
164529
330096
352541
346563
566212
444742
769871
505855
791381
926166
676445
353842
435271
571447
596642
470147
570788
516291
499035
795484
526452
770390
42734
422274
365306
635851
24421
231759
687610
834311
979621
852139
680760
332163
715055
246972
293257
484926
269179
84638
927444
461976
954833
362715
33423
551475
349214
120564
67767
848249
916048
594219
618640
475134
16494
500298
110985
557267
248409
798596
907931
228031
167087
105043
76546
882142
352015
369803
883420
137546
970793
327216
599522
925626
689931
149297
993454
555497
269861
61221
403747
702261
171792
538739
177395
704638
555389
804733
778258
803798
603329
686189
548181
286768
307584
141079
685263
659599
510882
85035
313497
998028
412252
429371
440006
102183
578668
433460
657681
364882
11033
577780
583495
182826
632871
760891
887464
188260
565624
665722
508410
685305
868263
56592
972073
175847
197671
173688
351798
224906
258724
181647
739286
670976
611018
179292
289511
706039
612753
463544
70921
623786
557676
170768
322964
190547
931659
210429
895159
13635
392503
403570
215292
777119
976514
703718
952966
174185
877406
821117
915443
136130
2764
654729
323458
613783
834022
612970
319822
963127
592866
907095
103265
150543
77863
426230
341090
525875
153011
752602
55862
545514
156172
271155
322633
649038
491225
791952
823223
368631
613069
255019
21114
132185
909748
860924
745968
743770
473894
582142
223249
66761
489237
326515
733656
83453
752745
74746
125680
905756
343700
181542
967622
16224
969049
806608
665262
460274
114912
4838
345258
244333
259857
882724
376518
169605
743648
638839
429728
733895
220981
652977
800656
226571
979492
50664
310024
248589
125410
952056
670697
469111
133598
154672
485335
619000
477632
666950
595626
592544
671788
940884
836877
931645
823608
213395
101250
567257
852234
47330
817504
589568
700308
134512
816139
196152
185176
642515
961094
310586
594571
631791
296049
244521
302815
297737
379873
780447
481039
975500
372991
152827
916384
726220
84472
256345
939616
702074
339954
308202
749405
157458
414122
966065
291970
230261
162217
477146
389128
123311
304084
500051
271455
116486
744573
90622
930575
124446
871070
411614
99946
760413
564441
532683
486634
165265
789028
942602
867339
645334
767156
616744
802792
181279
582809
94762
927892
261379
88260
317021
901042
392344
817072
688849
508830
77997
779472
955757
202444
166894
367371
818742
927307
931812
351425
413941
97077
656805
872895
480769
302139
640052
97513
621283
337683
196675
232397
265575
974406
320657
98948
391800
229354
916021
80650
254536
994018
860122
210294
712814
27016
577665
531557
470675
25830
399334
400969
122907
572492
273864
603676
390983
430268
217542
12267
284303
930569
761016
549879
421327
81674
648827
813127
827380
81200
893777
81916
75219
270251
292210
304385
813619
386228
352294
284295
412058
267981
685264
51317
840473
475480
171346
747808
422101
905240
276427
706404
352161
37444
772635
773488
635470
421463
102967
462850
502663
996745
544766
94234
783348
353329
914972
113320
255909
267266
397615
667967
535247
599231
235636
375720
591063
406982
639881
13164
312222
916308
235921
664383
953752
8556
954223
589222
946371
57191
568424
965387
570288
629543
59621
353636
982872
974593
983308
755133
758212
380923
939452
293459
496506
175088
185532
603922
582071
825413
133438
410645
741721
369359
591381
211826
377916
545604
317400
324287
602795
885825
289674
689435
515368
865648
43072
14592
356593
26380
769725
114805
923656
709177
408265
936514
884265
593797
540436
982688
935562
190227
909686
193635
559586
501067
405461
937502
563023
722862
778142
682171
608687
584168
371606
640407
449816
931030
654999
806410
473763
941076
437567
913771
166605
845832
850285
567222
955981
907074
66263
407895
97301
975949
601531
173239
993368
6992
110742
556391
246206
405236
238562
371245
989404
126521
11652
955573
57551
183003
278335
531314
640431
715902
961437
807036
78087
811723
374259
550420
235149
440522
958316
848802
932823
559847
22041
926191
83191
649135
998934
329398
54371
753849
216995
560128
880370
228648
515701
454273
928003
794036
501940
568435
509938
463377
375471
588025
791452
266082
138446
26601
222956
613114
391755
155779
689313
413797
81970
772504
62932
597257
618254
633656
351106
835250
193784
231476
580250
709485
202101
508253
503521
704041
76688
529811
167419
968512
634189
958871
234594
288987
501825
457551
902101
893580
613330
591414
823729
211653
880270
886662
808910
14877
36670
676368
850127
230454
424196
946729
456291
626297
454982
476164
330339
48023
5975
14110
16535
640164
489333
767481
445503
507510
225032
347604
401091
354715
455370
224820
82720
851993
627834
407982
866870
664504
84350
233349
411310
24898
180078
867601
651195
151412
343765
497886
199435
866093
511996
732322
22609
517682
499804
468113
25192
241188
332069
426283
112255
787440
167456
194975
155785
311642
119309
22655
976147
720011
256004
903809
744909
952434
771411
396105
103846
631528
893991
819634
497621
922340
551956
520231
440022
568112
504696
465214
809301
836765
407850
921556
140557
575306
632884
296342
403300
752193
835349
895799
472205
91353
799609
217114
560139
571020
129571
663986
202548
23563
483620
216522
945903
551928
253105
902277
120041
757801
367491
445694
110918
775341
883602
251476
866999
516486
64170
270300
785032
899520
166099
773589
507225
965708
507055
67365
53080
636627
247703
771981
660190
247675
988503
122445
799603
241608
24722
435996
515761
908565
881690
626679
683907
281645
394507
67258
798131
458678
337558
99515
874550
20010
873104
898127
502070
380160
481844
555151
16787
729547
843484
193329
977222
831987
832126
293178
589947
373200
729174
105708
798117
127217
248739
482024
408862
643247
65635
723345
618277
403193
822861
492827
939555
212317
390954
441626
592477
389151
996777
125616
118698
840261
835297
612273
188600
183775
421803
294899
556975
150977
916959
355093
794546
165698
353469
203408
808945
419104
926754
427222
338650
265967
436401
278205
478284
343708
719831
587114
732859
232960
712730
367909
589573
64380
980182
294525
248155
918337
589424
321483
69315
506383
192928
863861
672082
546397
583622
997379
481854
26728
424602
336856
292695
377355
131413
770979
721063
851245
874445
453922
600557
103528
821832
706483
167908
318366
1008
416063
753056
590433
253898
822371
613168
446826
202584
285250
509576
786206
282630
991430
812934
223584
844638
621981
600939
976051
909313
322003
343648
783758
292277
944206
887286
630461
167041
55194
465180
168049
987610
218236
274834
241508
556959
888003
688335
759543
689605
197911
62102
972235
705693
391388
712171
550331
13370
313111
42734
922683
151466
386383
706441
960095
846941
593728
590557
13982
165274
55737
698383
152884
790325
973218
910745
347284
377573
599080
623179
67178
313343
685281
39414
19036
593022
267937
85719
606392
97400
128453
45427
248866
31188
268220
208962
878129
378300
315871
892111
543575
371608
106847
212811
678285
80065
123556
25569
457638
238988
648748
524816
552331
850382
80582
87719
959756
348520
689790
82500
445920
334596
127927
211139
365784
912499
936453
243914
290800
252324
652377
350727
140284
759224
563538
818569
355641
203447
360490
329631
442435
525590
854448
994767
375972
451382
598838
335728
316254
288629
418228
278527
623225
62507
6018
505361
975007
942471
749275
782159
194795
918005
132886
335079
193581
212776
670000
549223
416223
30490
878854
375011
556080
249654
886130
448405
217389
484968
300485
533643
289949
235066
328522
429526
813925
334540
934888
305284
793363
200515
87443
504510
118520
736681
355941
312102
949458
25941
377677
882033
56431
256531
773396
128864
22538
659526
93621
239927
660847
394106
289922
467148
145524
134797
413027
959450
985689
347915
264734
779053
64782
352178
283563
699655
88859
639505
528109
554669
181798
905786
953055
754582
678669
726451
883446
701207
902330
977067
457486
79529
887525
747409
546677
33050
882206
959704
992500
867895
823971
257234
163300
405106
125764
963216
104761
730976
602721
632870
285645
300871
55008
755052
55453
733677
997856
938899
951237
900186
432318
408723
496067
319844
672484
559096
352894
554690
35153
861746
938938
859124
118980
618590
780582
761097
581806
885343
492073
700879
34565
294070
1751
89573
49123
57204
339603
46979
512456
290840
463517
944774
215915
959584
780970
888400
35032
650216
959442
70185
511962
898380
445662
147295
516971
226244
908392
615129
111588
400465
316009
146153
694535
317760
752079
260010
374964
91682
306989
887420
898874
286858
348547
114789
246442
129517
3189
281475
779734
962632
868012
291696
377364
313674
438991
410687
539919
863735
25817
651507
264200
341826
314012
475088
175938
582443
735098
550902
674125
558440
954675
572999
845298
303222
687789
608093
432739
207330
405920
212473
169962
273932
20522
63679
587607
975865
474366
643878
839601
16535
811737
620153
874713
125749
611593
50651
224545
346692
117906
898670
421484
72581
988022
266782
375803
192163
874875
324894
915845
797147
53720
85808
71080
74242
665839
175039
566459
656557
818917
406060
673093
630654
542566
64158
272755
154159
114810
497300
17203
232716
912323
438687
821649
900345
221822
197452
608860
613049
38698
524705
410197
92418
126865
997629
683012
792704
172668
765824
965614
507937
688236
155059
138591
230802
219217
927698
901314
334027
424999
918517
83095
853674
873557
904744
270371
95379
618548
879231
708428
657247
920288
634977
266017
47154
632606
465382
356210
321626
231206
838176
829563
919442
993235
484506
666597
212453
928557
567911
546480
353556
2780
629576
723582
392689
534320
993953
4420
669221
389536
229201
326468
309824
864178
108837
873330
13137
574219
229541
334763
321777
67717
680679
757572
60953
165185
424169
789758
93742
508432
336238
963650
511212
482166
203584
420254
532839
197537
424674
202060
587073
653875
44880
896898
34406
153717
770228
47543
244289
516121
382306
566066
100191
579337
839990
677496
744523
264159
467254
354617
772591
319844
834620
800156
802011
554556
220410
334850
752094
161436
53262
855519
815312
98142
268769
849718
768211
555350
413613
12500
71471
795919
94919
688014
375257
934909
365510
636132
715421
349116
507101
4364
668961
858073
804520
470972
412630
541282
322174
681076
702719
375436
536595
34383
989930
805365
400453
758141
877067
814066
286994
464890
126337
381913
152905
17946
833174
34767
170430
548595
383884
193884
552960
52845
51957
873832
40169
980939
931467
362343
662015
150538
254131
714963
701273
760413
36680
101726
518554
913747
432144
321900
378637
74833
220165
47894
609132
53340
82662
779562
118287
466546
973446
187599
35743
541756
577784
75912
39047
509251
954607
701063
659789
208738
932378
361062
969151
485410
979140
4057
915509
927636
325958
294146
518821
62475
858393
127953
115815
941055
907516
750455
923953
397314
938054
476048
455422
515838
551960
494470
25089
22919
711885
201230
748009
644263
78644
233512
646025
574136
237569
561534
18124
79879
372032
536946
142355
230425
664899
774522
687832
88767
524977
128137
2434
979384
604185
457856
495222
672497
952326
36664
695416
664211
754246
443425
824826
349243
676937
470851
923379
430859
32385
941504
27090
404418
994802
685797
151195
659701
460320
839028
264821
501649
967165
267255
481033
571351
725111
492608
760200
193790
45624
455617
374353
316222
415394
199180
665465
608684
186383
588845
39543
735121
46701
66633
655891
41503
268783
807086
217556
245455
646114
482377
747104
129632
749632
744490
700983
991096
753450
461183
701238
315426
433152
75591
631648
848547
791123
297114
457231
977507
402311
13126
228980
449012
596111
884871
6867
864894
208309
224423
110349
854424
223153
373806
984056
489137
634648
201391
480233
388098
178926
181471
703524
612079
773415
335172
976978
564538
148638
434209
58397
550949
963687
287377
999961
559798
172248
6828
941045
896910
747604
51394
751334
970757
941552
251742
459894
576200
969485
456480
964298
148411
154303
184174
276842
927718
35699
253820
492257
184337
204381
550654
735287
168068
354384
251600
244219
42984
774781
185264
939894
38737
236658
207580
9494
178211
459322
985740
754411
945159
958572
235062
93571
112876
935588
370413
556946
971287
140586
565555
671977
344967
632562
923616
29388
986946
691568
273607
546282
982701
458871
486177
21438
211881
693757
547284
906444
669432
49377
177208
614591
7949
928622
224514
637177
864210
111280
710476
351850
251866
276031
540179
113185
424945
980147
658925
928243
671715
932532
474526
654417
907755
960703
192207
635989
170812
739492
542433
840244
788869
235993
971188
313170
164615
712054
466700
545178
823334
177176
413380
591552
969559
953559
221090
394505
933706
880015
839100
121773
328900
313626
776190
753007
790681
968398
388996
961494
224242
447782
318090
529463
200127
805630
358985
364743
517685
825685
426273
341019
519213
839653
448924
488773
793212
670014
399630
243270
550029
755082
365043
878929
68709
657586
148289
375742
142336
537285
853588
366578
501419
171679
412393
701547
493661
771378
582642
11346
113416
8915
868718
632629
848568
317642
637754
158132
504008
553736
401402
54037
308819
282797
449319
893880
940383
597608
269622
82719
651245
123211
965649
152665
811242
378042
370564
304903
665773
953206
832602
779189
962121
217672
928170
327041
51666
82277
1525
555674
636013
919279
609711
461184
202076
575382
355064
658812
172990
141039
741531
340588
780602
223533
493253
591844
117927
380169
413099
783700
333375
245701
79241
811848
463373
523764
138889
515039
606041
656766
70713
758406
576045
196777
219591
294473
288511
91007
953285
461502
748398
211169
318442
529000
434702
328047
120844
552629
708216
533944
852682
41591
295997
448275
853439
275723
972039
508680
307114
94432
165446
894180
852839
257843
90957
588782
552316
379468
196141
21954
357322
944540
233123
192116
989892
667825
520163
110737
736806
228379
161033
105840
786322
973382
554116
156113
249105
42507
664793
556220
136940
346591
966752
989779
120786
57709
94913
673103
953529
291054
695057
827204
751946
444532
535672
741839
112357
55836
368928
365515
800567
46313
471356
586890
19695
25472
259355
785153
67979
924149
857725
721271
787092
824477
227402
907879
398538
322315
97334
868419
129722
308743
695623
398020
753275
747648
139859
381984
803484
25139
747499
120403
71452
735207
223645
607500
277031
483001
392653
861363
923502
250378
582634
710594
74855
810037
134825
473393
132352
748511
341812
778426
573606
553788
176447
843233
301436
832658
225217
621272
374150
489069
741675
445602
740628
965321
569454
17660
964674
962107
879023
888176
728837
461657
598770
803692
271694
249948
793437
920399
514811
651602
215177
88418
205390
391624
931651
23178
740635
673221
160802
114785
678642
418829
76739
419270
900502
646194
436930
865176
124653
315953
753352
853491
777611
868475
173535
565657
118423
483325
2408
149586
134927
217586
238004
856669
125562
686008
396199
866197
359229
557001
980982
554223
975830
574074
973493
876333
220268
410424
741509
861273
726377
494862
714764
20340
363337
404652
102350
998112
404329
104758
147698
539256
838696
902055
912277
964259
588063
308476
830456
463644
381829
327791
17867
357659
901865
991360
750344
638485
918136
8206
499758
160866
503068
730875
697558
382757
651879
799908
897221
56208
421019
44919
111816
259715
463326
540445
740326
567741
848921
87135
31385
230750
931278
565604
104761
349495
73317
371458
987980
991453
379664
4090
668671
399084
251317
366230
781841
419548
166138
195414
992108
103509
756685
103924
879577
220012
644369
619903
787753
9642
223390
335491
756744
154668
417447
377858
504163
7116
749316
8495
514922
128980
528938
183593
528064
296607
549823
826257
716156
232314
538023
708264
335823
294708
328541
215400
514720
489262
351656
818826
15257
91398
154317
772001
246067
88116
149859
266582
95233
899175
791430
610155
544507
836720
310100
588923
133327
859924
931532
365835
92238
469555
590452
944413
764264
918993
676166
278984
924607
27822
614162
939864
119220
284831
228218
881639
372948
378077
664574
984533
793605
456004
594688
338112
292724
904788
443388
942403
281064
374920
308239
889654
844476
898691
834068
608740
334036
510234
404076
774995
54408
18239
714860
689980
819422
943078
571620
192370
837507
752546
693255
147464
208550
804295
485577
17626
709084
445317
960029
506500
820237
268268
396155
664713
683311
230223
789805
17347
740457
193882
792343
311217
728473
23555
1197
547895
482985
572817
256618
320492
325363
949873
467957
50265
754169
469886
67891
979605
915203
544273
2457
251792
812541
398612
916506
495853
145187
222663
29552
401996
416545
821895
713213
661370
361802
714411
725618
844787
803580
498588
165280
645296
448461
149589
211913
718982
135827
279805
214939
567382
824078
217397
819174
152971
616009
252032
648824
761197
474696
194729
679545
407593
16624
392759
68964
894779
107170
310934
739566
427102
809522
421198
72398
774335
87139
284312
493318
222966
80469
708257
790348
420899
925654
609523
573870
58016
377907
739047
335565
852603
933776
15110
260197
466752
407869
845513
361531
31391
672799
617450
458494
482321
38648
47244
256656
125788
847908
749974
348754
928377
974584
655455
865628
900238
264978
439499
474606
159237
694898
810171
11841
145026
825282
788390
611778
749503
150255
489662
780895
823054
107112
755741
305375
145760
802985
78383
787900
167246
344710
653007
95623
319294
308462
961252
735884
89792
917103
210491
249029
128353
20662
260870
273379
362296
565612
401509
111800
715867
891171
409047
538921
998283
164788
360648
660396
484125
439032
964648
651371
300094
617655
263347
619388
926117
740951
355272
15909
174406
82115
264939
302759
619130
42161
576138
981426
607774
977647
609578
839993
385171
18625
378915
899806
699765
255915
76554
700243
211299
41203
867966
511393
658858
647665
130781
584976
388616
2406
117237
79374
600873
898528
382133
220003
940690
474623
717782
64816
968623
327360
904809
353794
862338
800076
769952
78455
55992
846507
778698
267291
887710
163017
778685
546568
810682
425818
647896
715651
944576
765134
795025
545450
663662
693511
765453
120704
168134
483235
185520
653109
326948
606682
523255
705638
406758
293208
784093
979102
139715
79144
246394
543777
242161
541431
606697
569195
483601
254594
284846
428178
536080
596224
973628
716094
289735
255433
836799
974221
255021
538671
627331
581969
145353
150586
803959
68464
960146
588052
47566
616213
183548
810312
159990
942061
868095
766688
511257
351697
537634
312455
296227
73714
908679
786207
789808
198414
41640
142959
172636
296661
197983
316319
394982
343336
983257
198941
928152
943404
303346
975719
75969
3246
302383
235960
945308
170479
519000
456565
38528
56634
769020
334755
646700
677700
120962
952860
392466
678954
95820
565102
491968
810155
397773
403302
669843
381031
118596
597996
324435
421942
90067
916756
425188
392450
152716
886848
562929
188068
343413
601457
244702
628786
452564
891402
822838
89878
360615
731656
768833
972787
813111
260801
782942
210884
664103
452785
591915
782699
50781
432702
720993
140848
349459
662534
49651
18527
549382
128932
206596
409148
246742
451298
554286
699306
859053
893476
789185
219668
625132
74370
708807
438243
335171
491749
649128
515626
944534
241043
814678
511668
190098
52023
168868
539557
714557
218519
558084
780292
347452
281032
705792
594194
732331
260078
809852
107736
153554
115389
843756
295038
189759
552563
733282
524930
44312
382410
556909
505198
139805
371587
16866
846255
939962
185735
385812
654520
920606
460249
951164
268058
741281
173308
378604
989964
433386
704809
614052
103292
820198
457808
398330
9958
526723
647964
51240
87387
546726
124501
592586
202884
496088
125804
49139
436051
827891
951304
606923
748498
927905
74439
532908
185538
247747
427865
175503
197485
132674
305907
817129
469224
763716
731811
479182
806791
379776
46775
894179
926502
171276
3117
645738
183717
645273
694878
136120
473165
162534
259395
221663
90439
333834
754571
275977
97933
182436
967832
295418
831462
273740
112547
300687
553808
844358
296221
360599
740486
859348
771130
183341
30625
290599
829079
730694
935873
523957
383166
409038
686491
642561
630701
293282
492747
901624
569260
590680
600413
537092
402450
431875
327184
31349
248914
880992
875707
545136
757944
616194
404484
529074
315887
951461
819674
144966
198507
755547
185276
581673
680937
388119
740586
311638
681402
233333
729614
250662
340365
330027
304106
259167
278255
147643
290516
527169
28635
682576
588657
302931
815122
509494
832006
131009
460955
168032
275975
175815
439931
461251
757488
120868
849371
498075
948858
47125
247760
194824
814139
104478
41204
634597
879997
319459
782240
686866
362980
327228
369442
951638
630159
700916
977484
978517
831925
438439
146549
624252
614254
102832
601856
888095
223700
967579
902522
688910
14704
666634
883735
828843
287464
924939
979792
167462
760750
762033
854328
123730
89261
740122
591720
719420
441038
569204
214290
789315
523996
360839
413567
654602
463672
531775
542697
203724
499354
961571
408987
30410
628206
292722
375605
915670
734013
355398
599484
494763
633783
453812
134845
723044
193934
726566
958816
151324
812122
173106
940639
852470
50298
354207
507073
30322
402334
566122
750398
418041
527694
159385
448451
155900
968459
340409
587922
702472
212159
187407
197235
845942
157571
848433
85338
867858
574999
560506
19182
903473
249965
959822
755944
300263
830381
779369
846937
232715
345491
597335
650756
873185
273073
615560
545437
241532
472321
649712
460357
684480
837119
173944
530422
511042
22377
132112
378900
113728
692618
398083
17202
942583
357905
289498
759198
188286
68867
606135
937353
414358
719823
588110
803896
509248
720022
349333
750780
192343
999045
727489
876823
352516
901434
923597
863559
923811
55709
242459
37540
748327
156894
571094
207263
514799
376944
966461
219437
445811
88949
156791
376521
808772
261253
180417
318020
981275
46103
585152
689970
561500
312642
83145
430369
214076
6742
810280
654239
578803
52739
691779
843482
725986
779225
50745
240785
156169
533559
460223
601980
622508
133366
494854
947632
910971
191623
265652
408598
237726
367156
98568
315579
679798
181713
745948
410226
704807
556228
64466
799962
125319
272597
643444
851305
51823
210542
608443
207992
744101
585018
326325
882961
234736
821179
830593
145707
12802
612597
554305
766881
979753
652873
598812
175904
350938
861112
102482
55745
933692
166948
855707
59011
439546
15503
426669
7721
226045
551464
215713
486498
652834
58390
885811
887570
395921
716404
33277
925076
845353
587582
691957
825107
756807
290769
517363
107745
151881
619845
679842
85573
303146
51901
660936
259044
583756
603957
266765
326154
671773
998830
812652
324607
57221
214816
212177
969494
931220
761806
894570
776574
865740
586527
118033
138899
393648
151748
762996
61881
287945
442838
663806
591091
11091
841095
850135
111200
961404
633252
437354
633178
632083
766358
474137
205656
981174
202667
175150
428747
964473
69721
205321
346566
172600
839706
485465
82601
991454
248462
144482
279399
207652
324641
386843
735096
165736
236978
846296
127140
386583
283650
276670
18666
50008
750808
740674
547535
953475
915824
976282
434300
501897
697955
780866
674498
537661
266332
273451
45467
514794
417933
841218
238798
742574
228061
973894
424662
981392
820190
551803
367975
103840
828473
902993
670201
95633
643667
734088
49108
559491
710370
483409
577741
408325
264275
768591
462338
46959
42042
507805
561753
459975
349023
316904
718902
93437
290798
143564
74829
110989
211719
959156
731181
556545
862149
917734
652178
505816
651822
701287
581659
878544
701048
159400
286869
965323
927991
265559
12283
970033
773364
90388
946361
638740
407292
181615
248529
214443
841531
323358
325432
569603
798866
572965
126148
661015
490700
294678
683183
658874
512317
264842
537419
213365
940595
340640
695041
384938
606200
223676
871324
895916
830416
334037
51008
754061
515652
299537
968504
873535
139247
293936
443138
938113
866901
85638
115480
873953
380317
798663
49180
408986
579858
586599
622352
36805
443591
833745
421743
566143
57421
293067
462060
887837
143456
29420
641898
659108
328958
610402
532644
984557
420690
492134
922671
803944
577773
554503
677897
474442
869519
727077
883428
965729
830028
22132
2534
789972
372229
940629
356115
429650
750049
334527
833840
893505
363948
992090
68966
209258
118845
601610
193815
55887
610096
632838
859831
704221
187342
54081
178663
573213
297510
578444
538942
643891
116928
57828
433863
489158
998457
306330
435160
748506
640858
785352
158364
521158
293795
227330
246768
412640
345292
956935
468527
955388
589774
844711
659610
293468
415144
354625
383033
712654
933069
921975
872897
566350
979803
823112
571860
494612
129443
7020
759471
286653
308725
917835
807811
602520
145165
570931
15160
6809
527866
39
962197
633992
361102
138159
927460
776246
492785
310493
5253
942206
748820
394502
24908
244975
217615
596768
739588
347058
603789
499059
633711
912514
933246
957874
31386
78411
528805
46546
601572
573023
562937
563769
207016
440392
218281
650828
216638
227418
477674
738243
169624
226494
132746
194533
471470
350361
307653
211058
213771
911442
226469
363834
340308
159715
321708
371694
754478
366865
934592
356050
456240
13882
436171
663256
454274
654452
830437
187264
881870
308111
925508
567847
534605
574606
278732
522427
441319
586385
249837
655090
14180
476306
18924
354488
152373
856984
242535
906851
740201
693479
779253
196441
223713
215425
376050
677987
386229
206487
865252
268100
514598
307112
352299
565555
881718
631031
604335
323037
217416
854172
494479
231596
846831
513403
102437
999204
886739
861324
422408
626940
71155
718013
339733
294869
933438
232135
972856
836020
438622
354460
104120
469572
661572
972771
551480
59642
603802
155815
899031
337570
9987
393510
569167
373170
906913
187956
372375
310004
565632
311135
453296
636787
29148
793030
931656
478939
25165
420865
314959
980140
291677
935431
966064
953250
908202
517544
529244
28356
673359
428276
365926
199699
821786
451445
572869
245052
155753
461596
555056
721385
289083
8353
358173
318232
317735
806181
313523
859252
227046
628482
839392
518724
563913
805457
988326
988467
839353
517570
16823
29065
462198
899101
228764
283985
350547
317985
529037
22652
779582
600445
744038
585017
125150
102211
903249
442885
908392
733124
818490
651791
361606
174234
170515
441871
496043
675193
430338
335397
192763
963513
364462
654962
378967
109578
455299
245866
427563
500688
268518
723497
101133
12556
308515
226284
631119
728116
185521
539512
461241
4011
707655
339199
694598
878170
781071
190641
69715
727761
526038
262478
207627
406852
433792
586594
516430
405443
832460
943994
906131
617330
183843
7265
629887
492358
749901
261006
736827
451774
316870
198068
972138
24525
537267
666736
419047
834690
857377
488762
78804
899768
267593
286431
306620
217737
873025
823051
623181
221837
283397
529312
839167
467240
52929
985406
475951
802830
762765
212778
770957
79635
927198
743095
620513
464465
409831
39560
815508
783560
44675
894312
683328
312268
180743
989949
530005
570120
813000
153186
308309
612749
198851
663828
79989
251780
649235
555940
54611
412000
285070
825568
7987
212268
85015
628500
193086
11198
184413
8594
794758
229088
902906
478087
57708
600001
468036
587713
686473
797388
257252
511134
410137
456103
174962
6478
224235
340549
78771
795198
268901
363841
137118
276889
576110
222133
421741
769196
233331
606154
777790
28090
351594
197048
22529
409302
313401
6917
513368
516226
804305
286972
27360
730794
259427
718674
737272
483662
575576
816043
278861
844477
696237
415979
637718
272347
154465
59460
41543
387796
181966
335685
932238
49913
49085
954767
975567
362486
961684
5287
395064
282341
292259
422424
529487
68038
657450
783112
551701
233026
115507
346914
77504
811744
279245
715222
84091
433710
291034
641986
337859
989353
494023
786449
39266
543108
741217
531185
421946
219253
536473
817010
17947
828732
755786
547434
413123
413237
330546
481176
646263
446054
828090
240119
257798
623687
471694
858242
573750
762728
500228
427961
268433
510604
214410
824051
53712
471979
355237
992011
691233
891710
809021
225532
236794
81160
772966
649917
494397
619865
131093
657012
65919
475535
897132
840069
615575
368826
698311
189325
647906
714892
133638
916340
741848
348048
740391
795560
820028
95628
303923
27613
503690
629297
253145
740485
710457
542463
906754
204854
162328
554200
378218
228247
29735
275350
584669
161662
644176
799332
867339
808435
514224
977
724775
256072
349026
981518
567985
685406
77147
871908
713019
97189
501205
482516
837674
728014
24979
260781
449220
187308
814981
827439
931907
361068
102789
516576
522731
263318
315909
390070
71753
346485
907400
312880
118910
772778
294398
686895
458184
887897
75155
687555
985087
92713
170071
339113
820727
195050
599894
269948
382358
931227
97387
830618
292296
716528
347194
331379
979846
179455
237801
567951
525941
145201
880831
644851
917979
175230
848098
892515
63127
439605
580070
48214
48670
750141
387328
385750
945192
503574
172050
843902
434802
269437
674520
727098
502317
538067
574829
998516
717522
812630
566467
759815
957832
447299
921018
392163
138881
285468
284679
202008
725074
864749
766575
290096
614891
670255
675846
76435
173829
847896
436689
608631
633685
111210
852081
136003
165629
426910
134519
883151
239541
217338
159319
713725
664637
80337
105888
803518
365806
906919
521879
607232
771669
288454
897328
902912
958709
573175
495699
648890
937423
932388
257522
571109
559950
625955
223464
725579
569218
874335
125083
325111
91673
284402
38836
272663
881091
661076
592533
246897
84348
630764
854129
372369
919218
267810
275281
394279
357337
287332
43170
294760
219720
817044
382221
296023
442999
605685
21602
528569
996372
663037
853680
88046
947439
408868
877061
828531
586297
985946
591780
670645
616711
962262
43014
52281
230072
834647
446561
103761
121979
489731
398521
858051
306775
780743
154074
266126
902780
692029
794696
899153
355066
164728
503551
302506
573597
896964
647389
159894
882910
755521
830539
499621
717783
873553
551903
464207
224552
514816
567968
346531
4547
482842
204582
827674
263585
875009
610152
682717
567038
921200
98222
922104
85929
118125
740962
659526
15089
388351
335772
414352
660225
166311
430325
378008
556216
498580
842216
297120
13396
926536
643651
534295
409378
364585
878321
189315
239594
4826
872033
806632
926026
486607
245089
528307
604733
986051
187833
136174
890755
39957
550526
550980
722620
980852
445340
795188
479432
287556
92308
9181
214093
735959
543476
623471
616897
938150
812787
372843
942976
201172
179476
869002
687779
940917
397310
808864
926968
101495
945039
334075
657805
495565
401407
380425
992769
846748
175614
472202
134304
267922
997735
864749
520234
57563
4573
653483
995713
333712
26326
938689
534884
722154
324044
739015
663071
237706
547880
106392
339201
492919
440467
513358
504836
841875
893784
497606
688623
585750
486160
339279
853672
483895
720381
890258
541458
724954
60093
53524
58666
86420
992213
109902
808574
832609
365269
471646
70315
913149
94390
925869
922420
534857
439227
427257
893084
849363
924863
581707
435113
411023
437339
805138
411270
157720
695396
952728
882674
271842
6252
457692
358262
514818
83946
683188
347427
449215
671186
934095
362365
765576
859964
801137
300434
815543
228394
193518
664907
153257
291578
100020
80632
245269
905158
491902
402989
116907
960983
802015
388749
483587
259707
263363
998405
343653
946551
862185
309220
617738
796280
671585
383314
172596
472723
200100
504491
217469
909971
169398
887079
201549
269419
967711
446818
690929
975966
366159
324188
453301
168174
712937
936888
427881
976300
935294
287886
922852
313831
597106
540590
626463
785044
440256
799059
774119
640357
303550
991588
550328
989301
878667
268229
775072
362731
231399
466001
855049
597558
790190
308350
765732
19479
245238
709965
512132
696884
514203
434984
10715
627661
491926
153530
929057
448534
952589
703176
88891
772492
211117
639219
761793
606136
423800
536865
485219
655199
519218
340268
252757
825760
164970
534841
845240
410209
244806
357372
623445
275361
308708
150513
903023
316986
304043
832080
765520
256633
51609
854412
545477
262726
9983
307270
385214
950136
360487
870434
605335
396057
727054
858093
221818
892025
392934
583410
818586
154093
940782
442031
429454
765842
592544
848829
82828
896588
680910
364700
669573
248871
735464
731402
511597
261800
555024
413163
211936
915511
283597
817271
827920
10652
191716
49738
419029
101003
633148
237615
771448
90282
679646
717254
372476
788543
566084
971656
685131
763346
336357
871056
12217
588173
602458
40166
849973
157482
453329
61909
589345
253279
395533
417265
780283
103601
983356
199312
204604
616504
953279
976052
223139
632925
209659
111967
937820
775743
83624
139303
55441
936333
10359
584010
524506
129169
624176
890832
286651
593857
469093
392348
363488
864626
809614
143771
