625677
365134
137211
765784
971571
393439
13860
722678
732063
184710
969880
919614
564253
611631
787927
975173
866421
452453
930391
258105
302234
836179
533832
35477
120467
814630
798484
557913
720025
398968
166193
345702
280454
303404
627838
768377
213195
641698
491055
945259
826408
460935
864873
390662
72566
169152
882187
938987
621605
812578
197093
440191
165109
247277
992021
285577
578259
790505
359842
298285
705825
526035
160339
986279
345791
788178
754656
558986
946228
762063
20597
288989
739351
401822
679651
811917
570975
78190
267257
708932
890768
980702
665476
55877
744331
657497
857806
322590
964354
217648
620875
670179
260035
297567
656458
605826
85745
927466
681165
31973
205881
701762
320962
945232
103585
516965
273502
190912
595155
540759
416196
2275
37813
81672
574505
782144
255521
948663
621086
219875
166312
758314
890054
942699
55881
62864
548526
141626
506682
229691
689951
712564
931453
527266
657796
551390
44231
931298
742302
155739
988409
158499
674366
542574
756523
248871
324718
12045
197535
462157
231920
880199
220471
121975
822898
276352
701191
887776
934330
207874
633819
624281
920438
81625
667899
578234
633015
712131
25885
891670
384222
14294
50169
58588
556869
806692
823812
397939
818737
537699
860096
567010
417898
80567
205337
757148
873271
906528
161277
807601
630754
795096
948235
551192
876721
616134
645779
26089
844617
671664
917759
745191
202310
484280
803780
275531
807324
627592
189823
626062
165291
566271
709424
99541
163191
914761
373041
36462
337641
534318
360416
968396
845767
825003
519588
238840
957489
681719
781281
318459
869735
699040
63650
588398
699672
867430
380281
506997
11374
570104
133059
693017
136376
358835
308910
815919
273596
198304
368733
611237
732622
729149
95985
94741
70504
131926
849934
544346
813645
631215
862805
683381
330256
442807
271779
546280
826590
652060
53277
837964
738517
702688
47334
391245
61523
872596
207164
335119
70900
575897
462709
319875
821399
75046
414616
408255
206972
264550
952601
20618
412118
331758
220351
258726
774566
8482
805006
601156
176894
858284
955472
915411
560972
2806
823008
622496
391755
546524
473967
462655
122422
453028
782530
460173
528075
713499
384780
735047
494401
853734
272017
906519
185492
492368
681597
476410
500850
486604
77566
194097
344888
549391
109508
905860
552197
932517
44708
460304
479041
518676
922960
117815
971704
221842
94340
16131
451693
995473
267531
462447
849207
539548
885318
551051
548269
566916
27462
565471
53520
621380
759568
398408
170771
385429
820620
239321
834298
865329
699625
829691
900357
138937
463859
388413
360780
74551
404545
328825
70024
672076
791272
919231
727976
676591
986635
276245
759859
14097
358069
813379
635477
117637
728139
806249
503066
548759
45570
853716
930440
261547
683408
830797
400485
147267
219211
277617
221818
140108
606442
291843
812184
914067
727426
56512
107010
714061
849110
866869
244510
207179
680248
879988
841168
408387
202589
344235
473498
764511
197951
403939
26058
397711
751088
426543
544978
970299
704160
283149
110407
826955
574992
438943
741022
818770
11808
848032
532832
860918
714901
293694
68097
911501
173682
909265
836240
892623
769852
826090
657134
484156
746381
683193
881867
497470
626088
943198
984121
846601
226347
610881
189908
317691
566176
930930
136461
577984
295314
185645
438902
526567
995692
23351
954420
169374
448969
790660
61998
218821
616750
235484
219329
363132
435029
617549
376954
61118
560747
361075
424071
303446
971956
613979
137489
538133
61261
790302
632469
872927
492300
71372
399494
487992
611075
353914
657366
60044
660926
235716
278866
794028
987553
14547
673512
422582
632096
50466
52
709195
411542
424123
528993
899850
554454
666482
954335
615715
456785
586805
488642
465437
174529
404488
953429
785604
274754
127147
845649
935680
362864
640867
729709
866769
655414
919573
289351
803863
970040
289404
29410
897934
229879
558404
314136
784334
741238
268472
916401
714375
371629
921396
179812
546158
842236
133241
331762
116991
260389
693763
569023
139605
334630
815084
6374
506397
734658
812077
826612
704698
617833
372374
602632
847713
930778
433120
148399
188369
701592
581152
419096
589573
502548
598909
135731
344785
248502
983846
978128
508891
677609
547151
164848
528592
362236
687574
551341
96894
499652
377953
317944
117485
750327
436928
481550
197458
870048
629949
902179
87993
211102
321275
677566
230002
436536
329650
91139
685039
313496
69267
710282
507457
616419
875131
552401
495007
79057
103742
591901
578709
998047
426197
212547
264727
379477
694097
978537
249525
840399
397068
337518
567853
718343
531437
797855
154880
861087
405347
356271
174583
474614
66553
198392
91033
458036
750794
586040
537094
370888
694293
632155
368936
636842
361054
150015
16319
571504
644904
782197
411903
41972
636067
496108
760315
167504
810315
431547
28591
215662
787818
719526
690277
370724
434271
297662
828760
185065
400055
882206
72305
94348
514362
957593
247543
875416
107608
263862
446920
752512
46059
375175
310836
682127
871283
587504
365983
197951
19051
394575
413613
323222
630453
620242
210298
64724
917905
39058
766141
317960
921265
354799
928660
951979
312392
176203
343747
936353
440066
307020
205217
2477
682195
516054
200956
69831
103558
566940
267782
638961
961515
197747
478535
108320
817990
688833
689397
735895
244244
971890
53855
681861
326689
982515
633840
155434
675071
493939
91787
115137
800959
297004
633966
483155
329410
834923
69338
432968
401863
853472
588282
879730
51219
66817
504402
869209
755651
193799
121456
999895
682042
691663
198108
525083
190531
831948
680517
865602
842239
288656
497091
643199
102013
131057
642706
431423
482332
712044
380744
884195
565516
969026
280277
133087
35843
784680
518649
307846
494831
156457
824093
176873
848121
22201
701957
38652
370501
898826
904254
212741
187483
917697
855940
289496
565106
498646
720919
47439
727042
101663
447986
808910
587041
728264
941997
622885
512944
976998
447083
524127
133456
271177
701001
981577
293378
919310
536581
663880
818136
957187
392973
5619
874884
248913
811467
439990
263911
48739
487429
990953
666754
935416
799863
253796
180032
258212
393033
209328
235211
840116
733455
885019
111293
950808
382948
921024
870118
919529
101256
204607
876716
494229
726578
267952
259494
538046
224294
523405
586785
228076
30710
769891
163492
346925
23687
859876
605137
416720
69204
356700
773189
319011
241719
884482
269820
141019
805506
139938
60548
906762
344545
453616
917343
71124
237920
176837
125522
462215
700242
228659
690291
247304
998550
370135
594229
22238
230011
199367
955310
815567
72419
728499
134578
830491
129334
404398
971510
451192
60689
548411
357955
921586
518379
275298
992710
756300
968488
634584
218515
668730
863243
425158
916035
861794
311645
510264
400384
541656
225983
872046
873575
814755
116898
524505
645246
246232
928904
133108
697424
505945
681519
571731
427531
199899
847030
420242
956199
815518
54826
691066
600
434422
632576
